pid:
  mass: 40.0
  inertial:
    ixx: 7.236333
    ixy: 0
    ixz: 0
    iyy: 4.056
    iyz: 0
    izz: 7.236333
